-8.174003 6.825797 1.406658
9.229365 -9.329051 9.073515
8.562849 6.059805 4.185192
-9.023126 5.342897 -0.589370
-9.087254 0.853231 7.424275
7.729241 0.187708 -2.466459
9.829590 0.606467 -0.561250
7.470356 -9.782598 -5.608862
9.525014 -2.845584 5.181759
-6.854726 3.576528 8.832355
8.367305 -6.100099 -5.343796
-3.442444 -9.569164 9.266296
-8.287121 8.918978 8.323289
8.211600 -4.096707 3.723105
5.069253 -4.953569 3.924916
-9.483741 -2.136181 5.342260
-6.358972 -9.894535 -0.279343
-7.898190 0.043173 -9.650251
6.414067 -8.308503 1.406248
-6.000403 -0.699807 5.078700
-1.892682 0.085763 9.558184
8.912865 5.438941 -7.345294
-4.929960 -9.647200 -4.676937
-8.012534 -6.569517 -5.585000
6.749921 -3.962970 3.840849
9.563798 -7.014856 -2.787977
-7.468317 -4.980848 0.692487
-8.619790 5.793053 -1.578128
-3.279121 -2.471914 5.096420
-5.384460 -5.501614 -2.360489
8.478896 -1.685532 -1.923593
7.860410 6.784116 -9.342679
-6.888364 4.993433 -4.991465
-2.907598 0.328594 5.826158
-6.018971 -5.361254 8.377673
1.796983 0.446257 -0.284240
-2.536138 4.779504 2.115139
2.958050 -6.394326 -9.440565
5.469963 -9.135459 -8.917537
-9.593132 -5.976996 -9.888983
-6.322518 -8.018272 2.964616
3.633827 -8.395341 4.343418
2.090745 8.343476 5.252185
4.076080 1.139352 5.977216
-8.816898 -9.014356 4.297124
-5.956301 0.233005 -3.301926
-2.825847 -4.802967 -0.370402
5.509272 -2.004013 -2.108853
-3.881693 -2.264732 3.763865
-4.630341 2.343648 -1.477737
8.385701 -1.625854 -6.560583
-5.395111 3.123652 3.658323
-3.508382 -8.131283 6.326313
5.563737 -1.247875 -2.406784
-6.146698 7.476316 6.502180
-8.760465 -8.478280 9.698426
4.669482 6.077815 -2.057341
-2.405367 -5.171625 7.656270
3.878853 3.387479 -7.239404
-6.661240 -1.447590 3.006849
0.137134 -4.794259 -0.860675
-5.727399 0.353728 -7.362834
-2.877820 1.860001 -8.181334
0.110761 -3.652811 -6.356403
7.755578 -1.056755 -1.263126
6.631958 6.781570 -1.457155
9.305179 2.704716 2.594580
7.295891 -2.995532 2.462183
6.228137 -3.091089 -5.454877
-4.240459 3.516966 -4.308084
7.542383 -1.690304 0.239702
8.458643 -5.187768 5.727000
-5.482087 -5.784446 -3.368106
-2.267590 7.098044 -9.716536
-0.406761 3.228389 -7.284205
7.652327 -8.056306 2.167722
-6.510253 -7.676796 5.788211
3.027371 -1.958478 7.497918
4.268280 -3.115507 -4.644722
-8.626081 -4.190477 -4.620969
-7.071076 3.043346 1.409426
-5.067291 -9.926930 -0.205531
4.124132 -9.273944 -8.500451
-0.634257 5.351156 -5.002414
1.404103 -9.280297 -6.230142
-9.375861 -4.730394 0.686405
3.031357 4.026483 5.113924
2.395998 7.161559 -5.429380
-3.888635 1.906197 -9.748208
-9.135035 1.516262 -5.842507
2.268063 0.769416 8.176530
4.328589 9.911443 -5.730526
2.193365 -8.948533 -8.999304
-7.595892 -0.215380 1.752228
8.984601 4.694158 5.781440
8.002738 -2.172281 0.112784
