6.620985 -9.472196 10.000000
9.973773 -5.673080 -8.190743
7.648183 0.677841 -5.747609
7.102734 2.315126 0.746850
-5.069273 -1.341407 7.919930
5.861087 -4.083943 1.213196
-1.819647 0.047711 1.082695
9.290651 0.424508 5.006051
-1.833675 0.665588 5.673554
-2.863189 -6.906238 -0.477868
-3.694472 0.032956 -1.240824
3.891559 9.283275 -5.806937
-9.987943 7.987678 4.955722
-5.321949 -3.017463 1.766087
-7.032468 -0.981015 -7.452638
-2.563787 9.275716 3.666683
3.101455 7.075614 -8.457285
5.484953 1.914100 -7.193706
5.182958 -9.199389 -7.487569
-7.662271 -9.788064 -3.402695
6.841356 5.124479 0.710499
1.560624 -1.946467 -8.305013
2.356174 6.290874 2.362718
5.424866 2.116885 -2.438573
2.680832 -3.178409 1.111626
-6.393524 -1.805473 5.322225
-4.070106 -2.016945 9.765190
3.833883 7.991648 5.377920
-9.221389 0.362653 6.540081
6.747588 -6.079231 -3.795355
1.815090 1.442903 7.400084
-8.875781 3.795948 0.792975
-4.840593 2.721894 -9.626815
-6.943589 -0.573824 3.347237
9.967199 8.260581 3.030687
-2.057543 -2.467145 -3.679766
7.915168 -9.182974 -7.862675
-6.741195 1.839664 -7.087546
-9.131063 5.094587 -3.001888
5.476631 2.185270 -2.442419
-1.406551 -7.996360 -4.355853
-7.881086 -3.228546 -4.007588
-8.899781 -8.341995 7.971423
-8.826822 -1.646152 -2.467217
7.823976 4.472332 7.855726
-8.143108 9.480233 0.207281
0.888950 7.277821 0.795814
-6.087162 4.898752 -4.784642
3.149650 1.719754 -3.023570
-4.630491 1.350995 -4.728834
6.209352 0.620106 6.507298
-3.289377 8.242483 -5.846359
3.348499 9.981684 -2.394975
-5.966982 2.130432 8.597854
-0.786452 8.262066 4.452842
-9.947008 -7.924381 4.628283
0.277483 -7.969710 -9.223476
0.388526 -5.969689 1.515343
-6.322634 -3.497804 6.207031
6.080258 1.236030 3.311616
-2.416963 1.481477 8.640807
2.375435 -3.766138 -9.162046
3.497787 -5.663585 -6.756486
0.611583 0.185915 7.424942
2.703868 1.550506 -1.197904
-0.222035 0.640467 -5.404005
0.063062 -4.005367 1.603122
3.932165 8.726578 5.913930
-3.643800 -9.592426 -7.203897
8.641905 -3.430600 -6.664151
2.313144 -2.518129 9.517253
4.932933 0.789122 8.136674
4.046083 -4.021052 9.826913
-0.548809 -4.313453 0.797864
4.157840 -5.444970 0.020498
-8.083280 -5.934463 0.600997
9.314143 -7.656895 1.746723
-1.907101 9.582782 5.840869
8.127861 -5.546687 -1.963415
-8.828343 5.849632 1.327135
-4.863618 -5.243224 1.264905
-2.282476 6.509547 8.398651
4.101849 5.688931 2.895416
6.064260 7.504082 -7.149510
5.834052 -8.843874 7.526281
9.031821 -9.941354 8.841379
-4.219849 -7.825277 6.275925
-2.484728 -5.339355 -1.029095
2.573030 2.508421 -5.513020
-1.145361 0.803114 -5.554932
0.022886 0.499056 2.568327
-7.858437 8.990598 0.649855
-5.778653 -6.632841 8.725580
4.774405 -3.892263 6.235619
-2.527271 7.895494 4.439427
1.099883 -5.203118 4.122734
